x	y	z	dp
-0.0053	-0.0033	-0.001	1e-06
-0.0053	-0.0023	-0.001	1e-06
-0.0053	-0.0013	-0.001	1e-06
-0.0053	-0.0002999999999999999	-0.001	1e-06
-0.0053	0.0007000000000000001	-0.001	1e-06
-0.0053	0.0017000000000000001	-0.001	1e-06
-0.0053	0.002700000000000001	-0.001	1e-06
-0.0043	-0.0043	-0.001	1e-06
-0.0043	-0.0033	-0.001	1e-06
-0.0043	-0.0023	-0.001	1e-06
-0.0043	-0.0013	-0.001	1e-06
-0.0043	-0.0002999999999999999	-0.001	1e-06
-0.0043	0.0007000000000000001	-0.001	1e-06
-0.0043	0.0017000000000000001	-0.001	1e-06
-0.0043	0.002700000000000001	-0.001	1e-06
-0.0043	0.0037	-0.001	1e-06
-0.0033	-0.0053	-0.001	1e-06
-0.0033	-0.0043	-0.001	1e-06
-0.0033	-0.0033	-0.001	1e-06
-0.0033	-0.0023	-0.001	1e-06
-0.0033	-0.0013	-0.001	1e-06
-0.0033	-0.0002999999999999999	-0.001	1e-06
-0.0033	0.0007000000000000001	-0.001	1e-06
-0.0033	0.0017000000000000001	-0.001	1e-06
-0.0033	0.002700000000000001	-0.001	1e-06
-0.0033	0.0037	-0.001	1e-06
-0.0033	0.004699999999999999	-0.001	1e-06
-0.0023	-0.0053	-0.001	1e-06
-0.0023	-0.0043	-0.001	1e-06
-0.0023	-0.0033	-0.001	1e-06
-0.0023	-0.0023	-0.001	1e-06
-0.0023	-0.0013	-0.001	1e-06
-0.0023	-0.0002999999999999999	-0.001	1e-06
-0.0023	0.0007000000000000001	-0.001	1e-06
-0.0023	0.0017000000000000001	-0.001	1e-06
-0.0023	0.002700000000000001	-0.001	1e-06
-0.0023	0.0037	-0.001	1e-06
-0.0023	0.004699999999999999	-0.001	1e-06
-0.0023	0.0057	-0.001	1e-06
-0.0013	-0.0053	-0.001	1e-06
-0.0013	-0.0043	-0.001	1e-06
-0.0013	-0.0033	-0.001	1e-06
-0.0013	-0.0023	-0.001	1e-06
-0.0013	-0.0013	-0.001	1e-06
-0.0013	-0.0002999999999999999	-0.001	1e-06
-0.0013	0.0007000000000000001	-0.001	1e-06
-0.0013	0.0017000000000000001	-0.001	1e-06
-0.0013	0.002700000000000001	-0.001	1e-06
-0.0013	0.0037	-0.001	1e-06
-0.0013	0.004699999999999999	-0.001	1e-06
-0.0013	0.0057	-0.001	1e-06
-0.0002999999999999999	-0.0053	-0.001	1e-06
-0.0002999999999999999	-0.0043	-0.001	1e-06
-0.0002999999999999999	-0.0033	-0.001	1e-06
-0.0002999999999999999	-0.0023	-0.001	1e-06
-0.0002999999999999999	-0.0013	-0.001	1e-06
-0.0002999999999999999	-0.0002999999999999999	-0.001	1e-06
-0.0002999999999999999	0.0007000000000000001	-0.001	1e-06
-0.0002999999999999999	0.0017000000000000001	-0.001	1e-06
-0.0002999999999999999	0.002700000000000001	-0.001	1e-06
-0.0002999999999999999	0.0037	-0.001	1e-06
-0.0002999999999999999	0.004699999999999999	-0.001	1e-06
-0.0002999999999999999	0.0057	-0.001	1e-06
0.0007000000000000001	-0.0053	-0.001	1e-06
0.0007000000000000001	-0.0043	-0.001	1e-06
0.0007000000000000001	-0.0033	-0.001	1e-06
0.0007000000000000001	-0.0023	-0.001	1e-06
0.0007000000000000001	-0.0013	-0.001	1e-06
0.0007000000000000001	-0.0002999999999999999	-0.001	1e-06
0.0007000000000000001	0.0007000000000000001	-0.001	1e-06
0.0007000000000000001	0.0017000000000000001	-0.001	1e-06
0.0007000000000000001	0.002700000000000001	-0.001	1e-06
0.0007000000000000001	0.0037	-0.001	1e-06
0.0007000000000000001	0.004699999999999999	-0.001	1e-06
0.0007000000000000001	0.0057	-0.001	1e-06
0.0017000000000000001	-0.0053	-0.001	1e-06
0.0017000000000000001	-0.0043	-0.001	1e-06
0.0017000000000000001	-0.0033	-0.001	1e-06
0.0017000000000000001	-0.0023	-0.001	1e-06
0.0017000000000000001	-0.0013	-0.001	1e-06
0.0017000000000000001	-0.0002999999999999999	-0.001	1e-06
0.0017000000000000001	0.0007000000000000001	-0.001	1e-06
0.0017000000000000001	0.0017000000000000001	-0.001	1e-06
0.0017000000000000001	0.002700000000000001	-0.001	1e-06
0.0017000000000000001	0.0037	-0.001	1e-06
0.0017000000000000001	0.004699999999999999	-0.001	1e-06
0.0017000000000000001	0.0057	-0.001	1e-06
0.002700000000000001	-0.0053	-0.001	1e-06
0.002700000000000001	-0.0043	-0.001	1e-06
0.002700000000000001	-0.0033	-0.001	1e-06
0.002700000000000001	-0.0023	-0.001	1e-06
0.002700000000000001	-0.0013	-0.001	1e-06
0.002700000000000001	-0.0002999999999999999	-0.001	1e-06
0.002700000000000001	0.0007000000000000001	-0.001	1e-06
0.002700000000000001	0.0017000000000000001	-0.001	1e-06
0.002700000000000001	0.002700000000000001	-0.001	1e-06
0.002700000000000001	0.0037	-0.001	1e-06
0.002700000000000001	0.004699999999999999	-0.001	1e-06
0.0037	-0.0043	-0.001	1e-06
0.0037	-0.0033	-0.001	1e-06
0.0037	-0.0023	-0.001	1e-06
0.0037	-0.0013	-0.001	1e-06
0.0037	-0.0002999999999999999	-0.001	1e-06
0.0037	0.0007000000000000001	-0.001	1e-06
0.0037	0.0017000000000000001	-0.001	1e-06
0.0037	0.002700000000000001	-0.001	1e-06
0.0037	0.0037	-0.001	1e-06
0.0037	0.004699999999999999	-0.001	1e-06
0.004699999999999999	-0.0033	-0.001	1e-06
0.004699999999999999	-0.0023	-0.001	1e-06
0.004699999999999999	-0.0013	-0.001	1e-06
0.004699999999999999	-0.0002999999999999999	-0.001	1e-06
0.004699999999999999	0.0007000000000000001	-0.001	1e-06
0.004699999999999999	0.0017000000000000001	-0.001	1e-06
0.004699999999999999	0.002700000000000001	-0.001	1e-06
0.004699999999999999	0.0037	-0.001	1e-06
0.0057	-0.0023	-0.001	1e-06
0.0057	-0.0013	-0.001	1e-06
0.0057	-0.0002999999999999999	-0.001	1e-06
0.0057	0.0007000000000000001	-0.001	1e-06
0.0057	0.0017000000000000001	-0.001	1e-06
